00110011 00110010 00110111 00110000 00110001 01000100 01000100 01000010 00110100 00110111 01000100 00110100 01000010 00110001 00110101 00110000 01000101 01000001 01000010 01000100 00110001 01000110 01000101 00111001 00110001 00111001 00110110 01000110 00110100 01000100 00110111 00110000 01000001 00110000 00110001 01000101 00110011 00110000 00110101 00110001 00110011 01000001 00110111 00110110 00110000 01000001 01000010 00111001 00111001 00110101 00110111 00110011 00001010 
00110001 00110111 00110111 00110000 00110000 00111001 00111001 01000011 00110100 00110011 01000100 00110000 01000010 00110001 00110100 00110001 01000101 00110001 01000001 00111000 00110001 00110000 00001010 
00110011 00110010 00110111 00110000 00110001 01000100 01000100 01000010 00110100 00110111 01000100 00110100 01000010 00110001 00110101 00110000 01000101 01000001 01000010 01000100 00110001 01000110 01000101 00111001 00110001 00111001 00110110 01000110 00110100 01000100 00110111 00110000 01000001 00110000 00110000 01000110 00110011 01000101 00110101 01000101 00110011 01000001 00110110 00110101 00110000 00110100 01000001 00110000 00111001 01000100 00110111 01000011 00111000 00110011 00110010 00110001 00001010 
00110011 00111000 00110111 00110101 00110000 01000100 00111001 01000011 00110100 01000100 01000100 00111001 01000110 00110010 00110100 01000110 01000001 01000101 01000010 00110001 00110001 00111000 01000001 00110000 00110000 01000110 00110010 00110110 00110100 01000011 00110011 00110011 01000001 00110000 00110001 00110100 00110111 01000110 00110100 00110001 00110011 01000001 00110010 00110001 00110000 01000110 01000010 00111000 00111000 01000011 00110111 01000010 00111000 01000110 00110011 00110010 01000011 01000110 00111000 00110001 01000010 01000010 01000100 00110000 01000011 00111000 00110101 01000010 00111001 01000001 00111000 01000011 00110101 00110100 00110001 00110100 00110110 01000110 00110001 01000100 00110101 00111001 00111000 00110100 00110100 01000010 01000001 00110001 00001010 
00110011 00110010 00110110 00111001 00110001 00110010 01000100 00110011 00110000 01000101 01000100 00111000 01000110 00110010 00110100 00110010 01000001 01000101 01000010 00110010 00110001 00111000 01000101 00110101 00110101 01000011 00110010 00110001 00110100 00111000 00110110 01000110 01000101 00111001 00110000 00110110 00110010 00110101 00110101 00110000 00001010 
00110011 00111000 00110111 00110011 00110100 00111000 01000100 00111000 00110100 00110001 01000100 00110011 01000101 00110011 00110100 01000010 01000001 00110010 01000110 01000011 00110001 01000011 01000101 01000110 00110000 00110110 00110010 01000001 00110000 00111001 00110111 00110101 01000101 00110101 00110000 00110110 00110010 00110101 00110101 00110110 00110010 01000110 00110110 00110100 00110100 01000010 01000001 01000100 01000100 01000011 00110110 00110010 00111000 00110011 00110010 00110101 01000011 00110011 00111000 00110001 01000010 00111001 01000011 00110110 01000100 01000100 00110101 00110101 01000011 00111000 00111001 01000011 00110100 01000010 00110101 01000100 00110111 00110000 00110000 01000001 00110101 00110001 00111000 01000110 00110100 00110001 00001010 
00110011 00110101 00110111 00110100 00110001 00110001 01000100 01000101 00110100 01000110 00111001 00110001 01000101 00110001 00110100 00110101 01000110 00111001 01000010 00110101 00110001 01000110 01000101 00111001 00110001 00111001 00110010 00110001 00110100 01000011 00110111 00110010 01000001 00110000 00110000 00110111 00110011 00110000 00110101 00110111 00110011 01000011 00110110 00110010 00110100 01000010 01000001 01000100 00111001 01000100 00110111 00110110 00111000 01000010 00110010 01000101 01000011 00111001 01000011 00110100 01000110 00111000 01000100 00110000 00111001 01000110 00110101 00110100 00111000 00111001 00111000 01000100 00110101 01000001 00110101 01000010 00110110 00110010 00110000 00110000 00110101 01000010 00111000 00110010 00001010 
00110010 00110001 00110011 01000011 00110001 01000010 01000011 00111001 00110100 00110011 01000100 00111000 01000110 00110100 00110000 01000001 01000101 00110000 01000010 01000100 00110101 00110001 01000110 00110000 00110001 00111001 00110011 00111000 00110100 00110111 00110111 00110000 01000001 00110000 00110000 00110101 00110011 00110000 00110100 00110010 00110011 01000011 00110110 01000110 00110000 00110010 01000010 00110010 00111001 00110010 00110111 00110111 00111000 00110111 00110110 00110000 01000100 00110100 01000011 01000101 01000110 00111000 01000100 00111000 01000100 00110000 00110101 00111000 00111000 00110001 00111001 01000010 00001010 
00110011 00111000 00110111 00110011 00110100 00111000 01000100 01000100 00110100 00110010 01000100 00110100 01000010 00110001 00110100 01000101 01000101 00110001 01000010 01000101 00110000 00110011 01000101 00110001 00110101 00110000 00110110 01000110 00110100 00110100 00110111 01000101 01000101 01000100 00110101 00110101 00110011 00110101 00110101 00110000 00110010 00110110 00110111 01000010 00110000 00111000 01000001 01000100 00111001 00111001 00110011 00110010 00111000 01000101 00110011 00110101 01000100 01000001 01000011 01000101 01000110 00111000 01000011 00111001 01000011 00110101 00110101 01000010 00111001 01000010 00111000 01000100 00001010 
00110011 01000010 00110111 00110011 00110001 00110010 01000100 00111001 00110000 01000101 01000011 01000010 01000110 00110000 00110100 01000101 01000110 00110100 01000010 00110101 00110001 00110000 01000101 01000011 00110001 01000100 00110110 00110011 00110000 00111001 00110111 01000101 01000110 01000001 00110101 00110101 00110011 00110101 00110101 00110000 00110010 00110110 00110111 00110101 00110000 01000101 01000010 01000001 01000100 01000011 00110111 00110001 00111000 00110011 00110010 00110101 01000011 01000010 01000011 00110000 01000001 01000110 01000100 00110011 00001010 
00110011 01000011 00110111 00111001 00110001 01000010 01000011 00110110 00110100 01000100 01000011 01000010 01000110 00110100 00110000 01000001 01000110 01000001 01000001 01000101 00110000 01000010 01000110 00111001 00110101 01000011 00110011 00110101 00110100 01000100 00110111 01000101 01000101 01000101 00110001 01000011 00110011 01000101 00110001 00110101 00110011 00110001 00110110 01000100 00110000 01000001 01000110 00110111 00111000 01000011 00110111 00110111 00111001 01000100 00110010 01000101 01000011 01000110 01000100 00110010 01000010 01000010 01000011 00110011 00001010 
00110011 01000011 00110110 00111001 00110001 00110010 00111001 01000011 00110101 01000101 01000011 00110011 01000110 00110000 00110101 01000100 01000101 00110111 01000010 00111001 00110101 01000100 01000001 00110000 00110001 00110010 00110010 00110110 00110100 01000011 00110011 01000110 01000101 01000100 00110001 00110100 00110011 00110010 00110001 00110101 00110010 00110101 00110110 01000101 00110000 00110110 01000001 01000101 00111000 01000110 00110111 01000101 00111000 00110101 00110011 00110111 00001010 
00110011 00111000 00110111 01000100 00110001 01000001 01000100 00111001 00110101 01000100 01000011 01000010 01000110 00110010 00110100 00110011 01000101 01000010 01000110 00110000 00110101 00110001 01000101 01000010 00110001 00110011 00110010 00110001 00110100 00110000 00110111 01000001 01000101 00110011 00110101 00111001 00110111 01000110 00110101 01000011 00110011 00110001 00110110 00110100 00110100 01000010 01000001 00110011 00111001 00111001 00110110 00110001 00111001 01000101 00110010 01000110 01000100 00110111 01000011 00110000 01000010 01000010 00001010 
00110011 00110111 00110011 01000011 00110000 00110101 01000100 00110011 00110101 00110100 01000100 00110100 01000010 00110001 00110101 01000100 01000101 00110111 01000010 00111001 00110001 00110010 01000101 00110101 00110001 00110110 00110110 01000110 00110101 00110011 00110111 01000010 01000101 00110001 00110001 01000010 00110111 00110011 00110001 00110101 00110011 00110111 00110110 01000101 00110100 01000010 01000010 00111001 00111001 00110101 00110111 00110111 01000011 01000001 00110010 00110100 01000100 01000001 01000011 00111000 01000010 00111001 01000011 00110110 01000100 01000101 00001010 
00110001 00111000 00110111 00110101 00110000 01000100 01000100 00111000 00110100 00110001 01000100 00110011 01000101 00110011 00110101 00110000 01000101 01000010 01000110 00110000 00110101 00110001 01000110 00110000 00110001 00110011 00110011 00111000 00110100 00110000 00110111 00110001 01000101 01000101 00110001 01000001 00110111 01000110 00110101 00110001 00110010 01000110 00110110 00111000 00110000 01000001 01000010 01000010 00111001 01000100 00110111 00110001 01000011 00110110 00110110 00110000 01000011 00110011 01000011 01000101 01000110 00111000 01000100 01000101 01000100 01000001 00110100 00111000 00111000 00111001 00111000 00110010 00001010 
